a = [1 2; 3 4];
b = [4 7; 24 32];
c = a*b